32 -32
32 -32
32 -32
32 -32
32 -32
32 -32
32 -32
48 -32
74 -74
105 -116
136 -142
168 -152
200 -146
232 -124
248 -86
254 -32
265 -74
291 -116
315 -142
324 -152
327 -146
328 -124
330 -96
350 -150
378 -188
403 -210
412 -216
415 -206
416 -180
426 -175
451 -225
481 -259
512 -277
544 -279
576 -265
608 -235
640 -189
670 -160
682 -160
686 -160
687 -160
688 -160
688 -160
688 -160
690 -160
710 -160
738 -160
769 -160
800 -160
832 -160
864 -175
896 -225
928 -259
960 -277
992 -279
1024 -265
1056 -235
1088 -189
1120 -175
1138 -225
1158 -259
1186 -277
1217 -279
1233 -265
1238 -235
1239 -224
1240 -224
1240 -224
1240 -224
1240 -224
1240 -224
1240 -224
1240 -224
1240 -224
1240 -224
1250 -239
1275 -289
1305 -323
1336 -341
1368 -343
1400 -329
1432 -299
1448 -253
1454 -224
1455 -224
1456 -224
1456 -224
1461 -278
1484 -316
1513 -338
1544 -344
1576 -334
1606 -308
1618 -266
1622 -224
1623 -224
1624 -224
1624 -224
1624 -224
1634 -253
1659 -299
1689 -329
1720 -343
1752 -341
1779 -323
1788 -289
1791 -239
1792 -224
1792 -224
1792 -224
1792 -224
1792 -224
1802 -224
1827 -218
1847 -196
1853 -160
1855 -160
1856 -160
1866 -160
1889 -154
1899 -132
1903 -96
1904 -96
1904 -96
1904 -96
1906 -96
1926 -96
1944 -90
1949 -68
1951 -32
1952 -32
1952 -32
1952 -32
1952 -32
1952 -32
1952 -32